model.0.weight:
[[[[-0.0927, -0.6880, -0.7047],
          [ 0.3394,  0.0271,  0.0076],
          [ 0.4977,  0.4296,  0.6208]]],


        [[[ 0.3123,  0.5161,  0.5385],
          [-0.3079,  0.1388,  0.4544],
          [-0.7021, -0.5470, -0.1883]]],


        [[[-0.3708,  0.1141,  0.5780],
          [-0.1850,  0.2835,  0.6289],
          [ 0.3658,  0.4403,  0.6873]]]]
model.0.bias:
[-0.0814,  0.0068,  0.0793]

model.3.weight:
[[[[-0.0044, -0.0502, -0.0548],
          [-0.0116, -0.0246, -0.0837],
          [ 0.0300,  0.0421, -0.1322]],

         [[ 0.3606,  0.2368,  0.2122],
          [ 0.0278, -0.0539, -0.0598],
          [-0.0220, -0.0164, -0.0685]],

         [[-0.0423, -0.0703, -0.0269],
          [-0.0951, -0.0936, -0.1421],
          [-0.0184, -0.0842, -0.2496]]],


        [[[-0.0584, -0.1661, -0.1893],
          [ 0.1314, -0.1288, -0.2748],
          [-0.0192, -0.1561, -0.1826]],

         [[ 0.0038,  0.0189,  0.0129],
          [ 0.0480,  0.0533,  0.1038],
          [-0.1487,  0.0470,  0.1234]],

         [[-0.1740, -0.1977,  0.2423],
          [-0.2383, -0.1352,  0.2840],
          [-0.0954, -0.3000,  0.5688]]],


        [[[-0.2805, -0.1650,  0.3281],
          [-0.2850, -0.1456, -0.0311],
          [ 0.0208,  0.3753,  0.2567]],

         [[-0.1848, -0.0127, -0.0623],
          [-0.1024,  0.3498,  0.5031],
          [-0.1345,  0.1444, -0.0221]],

         [[-0.5654,  0.0789,  0.4110],
          [-0.3821, -0.0340, -0.0604],
          [-0.2870, -0.3040, -0.2555]]],


        [[[ 0.2025,  0.1269,  0.1541],
          [ 0.0863,  0.1442, -0.2720],
          [-0.2665, -0.1457, -0.3494]],

         [[-0.3209, -0.2874, -0.3867],
          [ 0.2464, -0.0374, -0.1126],
          [ 0.6020,  0.3455,  0.0667]],

         [[-0.0162,  0.0390,  0.3320],
          [-0.1039,  0.2041,  0.2579],
          [-0.2564, -0.2340, -0.5277]]],


        [[[ 0.1090,  0.2689,  0.0634],
          [-0.2904,  0.0180,  0.2403],
          [-0.3093, -0.2748,  0.3152]],

         [[ 0.1269, -0.0146, -0.0484],
          [ 0.4255,  0.2328, -0.1365],
          [ 0.2072,  0.3122, -0.0048]],

         [[ 0.0241,  0.1220, -0.0227],
          [-0.1203,  0.0599, -0.1318],
          [-0.1212,  0.1687,  0.0029]]],


        [[[-0.1233,  0.0234,  0.2174],
          [ 0.4356,  0.3489,  0.3225],
          [-0.0976, -0.1502, -0.0038]],

         [[-0.1560, -0.1626,  0.0679],
          [-0.1736, -0.1606, -0.0178],
          [ 0.3022,  0.2117,  0.2019]],

         [[-0.1187, -0.2257, -0.1790],
          [ 0.2657,  0.1467,  0.0927],
          [-0.1166, -0.1446,  0.1338]]],


        [[[-0.1039, -0.0171, -0.2304],
          [-0.2516, -0.0243, -0.1272],
          [-0.0007,  0.0222, -0.1940]],

         [[ 0.1133,  0.0632,  0.0215],
          [-0.0194,  0.0146, -0.1288],
          [ 0.0587, -0.0380, -0.1467]],

         [[ 0.0334,  0.0324,  0.2308],
          [-0.1693,  0.4314,  0.4295],
          [ 0.0176,  0.3881,  0.2693]]],


        [[[-0.1298, -0.1362, -0.1668],
          [ 0.2107,  0.1277, -0.1316],
          [ 0.1983,  0.2489,  0.2661]],

         [[-0.0957, -0.1237, -0.0703],
          [-0.1550, -0.0030, -0.0150],
          [ 0.1478,  0.0657, -0.1239]],

         [[-0.4045, -0.2467, -0.1626],
          [-0.0667, -0.1068, -0.4039],
          [ 0.3064,  0.2267, -0.0963]]],


        [[[ 0.2426,  0.1172,  0.0056],
          [-0.1919, -0.1323, -0.2320],
          [-0.1187,  0.1834,  0.2361]],

         [[ 0.0288,  0.0396,  0.1889],
          [ 0.4109,  0.2883,  0.1757],
          [-0.0792, -0.1549, -0.2380]],

         [[-0.0224,  0.0132,  0.1548],
          [-0.2524, -0.2040, -0.3111],
          [-0.3055, -0.1007,  0.0466]]]]
model.3.bias:
[ 0.0377,  0.3548, -0.0038,  0.0149, -0.2590, -0.4348, -0.0635,  0.0314,
         0.0983]

model.6.weight:
[[[[ 4.5028e-02,  1.1654e-02,  6.0821e-02],
          [-4.3442e-02,  2.8476e-01,  9.0677e-02],
          [ 9.3074e-02, -9.7024e-03, -2.1610e-01]],

         [[ 1.2537e-01, -1.7919e-02, -4.9825e-02],
          [-2.7657e-01, -4.3180e-01, -2.8361e-01],
          [ 7.6618e-02, -1.6880e-01, -2.7936e-01]],

         [[-3.0966e-01,  9.8822e-02,  9.1783e-01],
          [-4.3106e-01, -7.1303e-02,  9.5555e-02],
          [-9.1429e-02, -1.1497e-01,  1.7070e-01]],

         [[ 1.5827e-01,  4.1113e-01,  6.0604e-01],
          [-2.4313e-01,  2.0493e-01,  2.2383e-01],
          [-1.1129e-01, -5.3132e-02,  2.1972e-01]],

         [[-3.9631e-01, -2.0652e-01, -2.0601e-01],
          [-1.8763e-01, -2.0127e-01,  1.1896e-01],
          [ 5.5659e-01,  2.9879e-01, -1.3334e-01]],

         [[ 5.0552e-02, -2.1295e-01,  4.8945e-02],
          [-4.0946e-02,  3.1614e-01,  3.7864e-01],
          [ 7.9782e-02,  1.5883e-01,  3.3964e-03]],

         [[ 1.8878e-01, -4.1970e-02, -1.1690e-02],
          [-9.5139e-02, -2.4628e-01, -2.6281e-01],
          [-1.5449e-01, -2.5428e-02,  2.4707e-01]],

         [[-1.5370e-01,  5.7016e-02,  4.2909e-01],
          [-2.3196e-01,  3.3539e-01,  3.2978e-01],
          [-1.0915e-01, -6.6153e-02, -9.5171e-02]],

         [[-1.2039e-01,  3.4195e-01,  3.2703e-01],
          [-2.6373e-01, -4.6930e-03,  1.3867e-01],
          [-1.7681e-01, -1.7448e-02,  1.3003e-01]]],


        [[[-5.2191e-07, -1.1518e-06, -7.9471e-07],
          [-4.4485e-07, -1.7923e-07, -7.3372e-07],
          [ 1.8125e-07,  1.7491e-07,  3.5499e-08]],

         [[-6.1747e-07, -3.3775e-07,  4.9874e-08],
          [-3.7751e-07, -4.2711e-07, -4.8843e-07],
          [-7.3666e-07, -4.1450e-07, -4.4338e-07]],

         [[-3.9566e-07, -5.1471e-07,  1.1052e-08],
          [-9.3568e-08,  2.9330e-07, -6.4240e-07],
          [-8.6903e-08,  2.2102e-07,  4.7565e-08]],

         [[ 1.1348e-06, -1.4328e-06,  3.1009e-07],
          [ 1.6573e-07,  6.7971e-07,  8.7822e-09],
          [ 5.5559e-07, -1.4589e-07, -1.3009e-07]],

         [[-3.5196e-07,  6.6072e-07,  3.8699e-08],
          [ 6.9421e-08,  7.3410e-07, -1.0078e-07],
          [-6.0691e-08, -4.3354e-07, -2.8107e-08]],

         [[-1.9988e-06, -1.1599e-07,  1.1841e-06],
          [-4.1746e-06, -3.2559e-06, -1.6515e-06],
          [-3.1153e-06, -8.2859e-07,  5.8937e-08]],

         [[-6.7044e-06, -9.3374e-06, -3.4343e-06],
          [-1.3991e-05, -1.0365e-05, -5.1652e-06],
          [-5.4447e-06, -5.4417e-06, -4.6813e-06]],

         [[-8.9026e-07,  9.9649e-07,  3.3000e-07],
          [ 1.7361e-06,  3.9605e-07, -6.3912e-08],
          [-1.0707e-06, -8.4609e-07, -7.5801e-07]],

         [[ 8.0026e-07,  6.1034e-07,  3.5867e-07],
          [ 1.9474e-07, -3.1337e-07,  1.6094e-07],
          [-8.3718e-08, -4.1802e-08, -7.5138e-08]]],


        [[[-1.5953e-11,  2.3142e-10,  9.0007e-12],
          [-5.5421e-11, -4.5237e-10, -4.6986e-10],
          [ 3.9092e-12,  1.8035e-10,  2.7104e-10]],

         [[ 1.5422e-10, -2.5886e-09,  2.6562e-09],
          [-6.3662e-08, -3.1901e-09,  2.0684e-09],
          [-3.5494e-08, -3.1530e-09,  9.3693e-10]],

         [[-2.9518e-12, -4.0573e-11,  3.6041e-11],
          [ 8.1001e-11,  2.9159e-11, -3.9586e-11],
          [-3.1611e-11,  2.9906e-10,  6.9943e-10]],

         [[ 9.5286e-11,  1.5718e-10,  1.3622e-10],
          [ 1.5246e-10, -7.6836e-11, -8.9494e-11],
          [-4.5109e-10, -3.6242e-08, -1.0065e-09]],

         [[-1.8402e-10, -3.9396e-10, -9.3205e-11],
          [-2.4727e-10, -3.2877e-06, -3.2180e-07],
          [ 2.0765e-09, -2.0118e-06, -4.4751e-08]],

         [[-4.8174e-07, -2.0351e-06, -5.3784e-09],
          [ 3.0546e-08,  3.9065e-06, -1.7937e-07],
          [-3.3335e-05, -7.6761e-05, -7.7021e-07]],

         [[-5.3037e-06, -3.4002e-05, -3.4865e-07],
          [-1.4714e-04, -3.7791e-04, -1.5861e-05],
          [-1.6718e-04, -3.1705e-04, -1.5178e-06]],

         [[-1.5487e-10, -3.1714e-10, -1.7561e-09],
          [ 1.6871e-11,  7.7820e-11,  5.0002e-11],
          [ 4.7085e-11, -4.0994e-10,  6.4778e-10]],

         [[ 3.9151e-11,  2.9519e-10,  3.9644e-10],
          [-2.1636e-11,  1.0946e-10,  3.6831e-10],
          [-3.5015e-11, -8.2865e-10, -8.4526e-10]]],


        [[[-5.7137e-31, -7.3098e-31,  1.9303e-30],
          [ 8.3665e-32,  1.8725e-31, -7.6387e-32],
          [-5.5791e-31,  2.5522e-30, -2.0715e-30]],

         [[ 2.3967e-27,  9.1607e-26,  2.3583e-27],
          [ 3.0237e-26, -2.2684e-18, -9.2515e-27],
          [ 2.4308e-24, -2.0872e-16, -1.4146e-22]],

         [[-3.5134e-30,  3.4106e-30,  2.2064e-30],
          [-3.1318e-30,  4.3606e-30, -1.4844e-30],
          [ 5.4257e-30,  7.5359e-30, -4.9915e-30]],

         [[-6.6410e-31, -1.8576e-30, -2.7317e-30],
          [ 8.6899e-31, -3.8012e-30, -6.5758e-30],
          [ 4.1953e-30,  2.1068e-30, -5.5931e-29]],

         [[-8.7924e-30, -1.0378e-29,  3.8278e-30],
          [-4.2022e-30,  6.2297e-29,  1.1469e-27],
          [-6.1781e-27, -1.8447e-27,  3.9522e-23]],

         [[-4.5952e-27,  1.2462e-27, -1.0105e-29],
          [ 9.5215e-30,  5.3903e-26, -5.3645e-25],
          [ 3.6717e-25,  2.8493e-28, -3.5439e-30]],

         [[-4.4931e-17, -3.3722e-14, -9.6384e-13],
          [-1.4952e-13, -1.5963e-09, -1.6231e-09],
          [-1.3817e-14, -3.4356e-11, -3.2519e-11]],

         [[ 1.6710e-30, -7.8459e-30,  5.1560e-30],
          [-1.9180e-30,  3.3481e-30, -1.0138e-29],
          [ 6.4328e-31, -1.7682e-30,  2.6584e-30]],

         [[ 9.0466e-31,  3.1501e-30, -3.8937e-30],
          [-1.6528e-30,  3.9053e-31,  3.6401e-31],
          [-1.1133e-30,  1.4197e-30,  9.2483e-31]]],


        [[[-1.0594e-09, -1.6718e-09, -2.5119e-09],
          [ 1.6732e-09,  1.5191e-09, -3.7967e-09],
          [-8.7070e-11,  2.0161e-10, -6.5769e-11]],

         [[-1.7569e-09, -1.1809e-08, -3.4740e-08],
          [-1.7966e-08, -1.9762e-08, -1.9627e-08],
          [-1.6995e-08, -1.8909e-08, -9.8365e-09]],

         [[-6.0547e-10, -1.2015e-08, -2.7845e-08],
          [-1.8369e-09, -1.0992e-09, -4.6040e-09],
          [ 7.1186e-10, -1.3702e-08, -2.6893e-08]],

         [[-9.2668e-10, -6.1001e-09, -1.1747e-08],
          [-5.2315e-10, -3.5450e-10, -1.3699e-08],
          [-3.2317e-09, -7.6971e-09, -2.0609e-08]],

         [[-6.0705e-10, -1.7338e-09, -1.1687e-08],
          [-5.8444e-09, -1.1947e-09, -8.1877e-09],
          [-1.1287e-08, -9.0488e-09, -3.4189e-08]],

         [[-3.6529e-10, -6.9844e-10, -1.2799e-08],
          [-3.4463e-09, -9.3037e-09, -1.3081e-08],
          [-2.7478e-08, -2.9972e-08, -2.1675e-08]],

         [[-1.2619e-09, -4.2290e-09, -3.5989e-08],
          [-7.6926e-09, -2.2650e-08, -3.5861e-08],
          [-3.6875e-08, -3.2059e-08, -3.1442e-08]],

         [[-1.3357e-10, -8.8261e-10, -8.7040e-09],
          [-7.9213e-09, -3.4388e-08, -1.8015e-08],
          [ 4.1433e-09, -1.6398e-08, -3.8473e-08]],

         [[-1.2896e-09, -1.2493e-08, -2.5686e-08],
          [-1.6901e-08, -1.3215e-08, -2.6902e-10],
          [-8.7340e-09, -6.2861e-10, -7.3256e-09]]],


        [[[-1.2964e-21, -1.1466e-21,  1.1313e-21],
          [-1.8703e-22, -9.1368e-22, -1.0809e-21],
          [ 9.2677e-22, -5.1589e-21,  2.9751e-21]],

         [[-7.5820e-08, -2.5607e-11, -9.6353e-15],
          [-1.6140e-06, -3.0256e-15, -9.1961e-18],
          [-4.0555e-06, -6.8736e-10, -1.4741e-13]],

         [[-2.4467e-12, -2.6452e-09, -3.5193e-20],
          [-2.5908e-14,  7.2095e-16, -2.7534e-21],
          [-1.0619e-06, -1.0545e-07,  7.0925e-22]],

         [[ 6.8302e-17, -1.3115e-14, -1.6893e-12],
          [-7.0107e-12, -2.0602e-08, -1.6670e-07],
          [-3.5024e-07, -8.2692e-06, -5.5174e-06]],

         [[-3.1480e-13, -1.0206e-07, -2.1393e-10],
          [-1.2703e-07, -3.0265e-05, -1.3684e-07],
          [-6.9711e-09, -3.8862e-05, -3.6163e-06]],

         [[-8.7363e-09, -5.7481e-08, -1.9417e-07],
          [-3.9464e-04, -2.5612e-03, -1.3752e-03],
          [-4.1399e-06, -1.4138e-05, -6.9271e-06]],

         [[-2.2875e-04, -9.0685e-04, -2.7155e-04],
          [-1.1897e-03, -4.4433e-03, -7.2532e-04],
          [-1.8802e-03, -4.5446e-03, -8.3334e-04]],

         [[-1.5522e-21, -1.4062e-07, -1.4912e-09],
          [ 1.7627e-16, -3.3303e-06, -6.1306e-06],
          [-1.1380e-21,  4.1456e-21,  4.0725e-21]],

         [[-2.0419e-12, -1.7309e-09, -1.2262e-10],
          [-8.0932e-14,  1.0622e-18,  2.4727e-21],
          [-8.2445e-09, -6.2389e-06, -3.9126e-07]]],


        [[[ 1.8867e-01,  1.7933e-01,  2.5013e-02],
          [-3.7660e-02, -1.2917e-01, -3.2403e-01],
          [ 5.7159e-02, -5.2580e-03,  1.2837e-01]],

         [[-1.3462e-01, -4.2332e-02,  1.2513e-01],
          [ 2.1224e-01,  2.5398e-01,  2.5122e-01],
          [ 4.5474e-01,  3.7134e-01, -7.3109e-02]],

         [[-1.1679e-01,  7.7927e-03, -4.3069e-01],
          [-3.4712e-03,  1.1165e-01,  8.1709e-03],
          [ 1.1663e-01, -1.7785e-01,  4.2195e-01]],

         [[ 1.7894e-01,  2.4997e-01,  1.7336e-01],
          [ 4.7670e-02, -2.3913e-01, -4.6896e-01],
          [-2.3265e-01, -2.7280e-01, -6.0271e-01]],

         [[-4.3706e-03, -9.9841e-03, -1.2261e-01],
          [ 1.1741e-01, -4.3759e-02,  1.3033e-01],
          [-3.5539e-01, -2.9767e-02,  1.4145e-01]],

         [[ 3.1226e-02,  1.9500e-01, -5.7317e-02],
          [-1.2780e-01, -4.6260e-01, -3.6962e-01],
          [-2.5139e-01, -3.4595e-01, -4.0844e-01]],

         [[-3.1187e-01, -1.8796e-01,  3.6384e-01],
          [-3.6711e-03,  4.6342e-01,  1.4211e-01],
          [ 1.7284e-01,  2.6301e-01, -5.1940e-01]],

         [[ 3.1264e-01,  1.4136e-01, -4.7866e-01],
          [ 1.8814e-01,  2.3021e-01,  9.4191e-02],
          [-7.9063e-02, -1.0536e-01,  1.6952e-01]],

         [[ 1.3850e-01,  3.3250e-01,  2.9227e-02],
          [-4.4300e-02, -2.1806e-01, -3.4259e-01],
          [-1.5084e-01, -3.2935e-01,  1.5721e-03]]],


        [[[-1.1965e-02,  1.5707e-02,  1.6000e-02],
          [-6.3542e-03, -3.1083e-04, -9.7341e-03],
          [ 1.1708e-02,  8.4483e-03, -3.4128e-03]],

         [[-5.9430e-02, -6.4579e-02, -6.5815e-02],
          [-1.2524e-01, -6.2741e-02, -5.9053e-02],
          [-1.2815e-01, -7.6464e-02, -4.9650e-02]],

         [[ 5.6754e-03, -1.8330e-02,  1.2142e-02],
          [-3.0665e-02, -2.1966e-02, -1.6445e-03],
          [-9.3742e-02, -5.0677e-02, -3.5496e-02]],

         [[ 4.8190e-03,  1.6347e-02,  1.5442e-02],
          [-7.7993e-02, -7.5121e-02, -6.3380e-02],
          [-6.7955e-02, -7.3625e-02, -7.3459e-02]],

         [[-1.5222e-01, -9.0642e-02, -8.4020e-02],
          [-1.8198e-01, -1.5819e-01, -8.8762e-02],
          [-1.6112e-01, -1.5661e-01, -1.2473e-01]],

         [[-1.3889e-01, -1.0820e-01, -8.1087e-02],
          [-1.8659e-01, -1.8968e-01, -1.0754e-01],
          [-9.4556e-02, -1.3469e-01, -1.1272e-01]],

         [[-1.3073e-01, -1.2177e-01, -9.6126e-02],
          [-2.0398e-01, -1.6582e-01, -9.6215e-02],
          [-2.0420e-01, -1.4832e-01, -1.0537e-01]],

         [[-9.0044e-02, -1.1683e-01, -5.4450e-02],
          [-4.5543e-02, -1.0975e-01, -8.1457e-02],
          [ 1.6642e-02,  6.9684e-03, -1.4759e-02]],

         [[ 2.5991e-03, -2.4061e-02, -1.9680e-02],
          [ 2.6538e-02,  3.4635e-03, -1.1921e-04],
          [-8.0947e-02, -4.8130e-02, -3.6551e-02]]],


        [[[-8.5722e-12,  9.7084e-12,  7.8313e-12],
          [ 5.5440e-12, -8.2522e-12,  1.6548e-12],
          [ 5.4568e-12, -1.1625e-11,  3.6035e-12]],

         [[-5.5163e-06, -8.6518e-10, -4.2479e-11],
          [-2.0556e-05, -5.5291e-08,  2.1254e-11],
          [-1.2659e-05, -8.1332e-07, -3.6315e-08]],

         [[ 2.7044e-11, -1.2564e-11, -1.3784e-11],
          [-2.0002e-11,  7.4361e-11, -9.3137e-12],
          [-9.9312e-12, -7.7363e-12, -8.8549e-12]],

         [[-2.6011e-11, -1.3557e-11,  2.5525e-11],
          [-7.2809e-13, -3.5164e-11,  7.4090e-12],
          [-4.0688e-12,  9.4639e-12, -5.9228e-11]],

         [[ 7.2378e-12, -1.5796e-07, -2.2947e-11],
          [ 3.0808e-11, -1.5782e-06, -1.3102e-09],
          [ 4.0296e-12, -2.3378e-07,  1.5484e-10]],

         [[ 1.8920e-10, -8.7866e-06, -2.2111e-06],
          [-3.2767e-08, -2.3399e-05, -1.6909e-05],
          [-6.0055e-09, -8.5302e-07, -6.3536e-09]],

         [[-3.4621e-04, -9.9436e-04, -2.7448e-04],
          [-6.1130e-04, -1.5068e-03, -1.1307e-03],
          [-4.5062e-04, -1.9423e-03, -9.7311e-04]],

         [[ 5.6495e-12, -3.6279e-12, -5.5378e-08],
          [-6.2565e-12,  1.7873e-11, -2.1646e-08],
          [ 2.3986e-11,  1.3955e-11, -7.0299e-12]],

         [[ 4.3213e-12,  1.2211e-11, -1.8036e-11],
          [ 1.8135e-11,  3.6876e-11, -2.2944e-11],
          [-1.7132e-11, -7.2537e-12,  9.3265e-12]]]]
model.6.bias:
[-3.1787e-01,  7.8752e-07,  7.6341e-09,  5.8363e-30, -1.2329e-08,
        -2.8590e-13, -2.2537e-02, -2.3306e-02,  3.4065e-11]

model.10.weight:
[[ 4.9872e-05, -2.5925e-04,  3.3732e-05,  ..., -1.4274e-08,
          2.7758e-04,  1.8369e-11],
        [ 1.2446e-04, -7.2730e-04, -9.5585e-05,  ...,  4.6221e-32,
         -1.6777e-32, -3.7185e-32],
        [-3.1564e-10, -3.3339e-07,  3.0057e-09,  ..., -4.0759e-06,
          5.8025e-05, -1.9409e-04],
        ...,
        [ 1.7747e-01, -6.3103e-02,  8.6443e-02,  ...,  8.6941e-12,
          1.1509e-11,  7.7781e-12],
        [ 5.0548e-05, -1.7018e-04, -2.7349e-04,  ..., -1.2238e-40,
         -5.2283e-28, -9.2167e-30],
        [-1.9235e-07, -5.0616e-06, -1.9143e-06,  ..., -1.8511e-13,
          1.3814e-13, -1.5512e-13]]
model.10.bias:
[ 7.0151e-05, -2.6762e-05,  7.8191e-11, -1.0775e-04,  1.6249e-02,
         1.7382e-02,  1.2312e-02, -1.9637e-02, -7.8958e-07,  3.7040e-03,
         7.0217e-07,  8.7089e-03,  9.4172e-08,  6.5387e-03, -1.5429e-03,
         5.0024e-03,  1.2030e-11,  6.9351e-03,  5.3082e-10,  2.7804e-02,
        -3.3835e-10,  2.3619e-07, -7.4822e-03, -2.4851e-07,  9.3145e-03,
         4.3483e-02, -5.0317e-02,  1.7863e-02,  2.2887e-03,  9.8653e-10,
        -1.9704e-04,  5.4376e-08,  6.9563e-06,  6.0831e-06, -4.8502e-02,
         1.9654e-03,  1.0164e-11, -9.1577e-02,  3.6749e-04,  4.9230e-02,
        -4.0941e-06,  1.0953e-05,  1.1913e-03, -2.7081e-02,  2.8274e-02,
        -5.9442e-02, -1.9426e-02, -4.6593e-02,  2.5973e-11,  1.0930e-10,
        -4.6386e-13, -3.3682e-02, -1.2602e-02, -3.3428e-02,  1.5538e-03,
        -3.4858e-02, -3.1772e-07,  1.7143e-02,  9.1363e-13, -1.5683e-02,
         1.7103e-02,  5.3345e-02,  4.4519e-02,  1.1785e-02, -1.9880e-10,
         2.3384e-07, -5.1764e-08, -1.3528e-02, -1.9477e-02,  2.5491e-08,
         1.4627e-06,  9.9696e-03,  3.6719e-03, -2.6785e-02, -3.4124e-02,
         3.4987e-02, -9.1470e-03,  1.1728e-04, -2.1004e-14,  2.9740e-03,
         2.2117e-02, -2.7000e-12, -4.7896e-02,  1.5673e-02,  3.3975e-05,
         5.6874e-06, -2.8564e-04,  7.9905e-03, -6.1336e-03,  9.0259e-07,
         4.4667e-03,  9.4879e-11, -4.2463e-02, -1.1498e-04, -7.0582e-07,
         8.6682e-03,  1.3372e-02,  6.1655e-07,  8.0797e-03,  1.9246e-02,
        -1.6560e-03, -5.1564e-04, -3.4870e-02, -2.7313e-04,  5.1444e-06,
         6.6936e-08, -1.0809e-03, -1.1411e-02,  1.3335e-05, -4.6708e-02,
        -1.9089e-02, -1.3684e-02, -6.1697e-07,  1.1054e-02, -8.1481e-05,
        -1.3802e-02, -4.5936e-03,  6.3916e-14, -1.8003e-02, -1.1709e-02,
        -8.2467e-05, -1.5873e-02,  4.5609e-03, -7.2890e-03, -2.9807e-04,
        -3.2674e-02, -1.0264e-04,  2.6030e-07]

model.13.weight:
[[-7.6724e-06,  3.8019e-05,  4.2391e-11,  ...,  4.5589e-02,
          3.4212e-04, -1.0791e-06],
        [ 1.2802e-05,  4.5984e-05, -2.1829e-10,  ...,  1.7659e-01,
          2.7648e-04,  2.1797e-06],
        [-9.5581e-06,  3.6267e-06, -3.4994e-10,  ..., -2.9273e-02,
          6.3584e-05, -1.0200e-06],
        ...,
        [-1.3636e-06, -5.7271e-05, -2.3698e-10,  ..., -3.1563e-02,
          4.2903e-05,  3.5262e-08],
        [-6.0822e-05, -8.2780e-06, -4.5610e-10,  ...,  7.5141e-03,
         -5.6822e-05, -7.3549e-06],
        [-1.4045e-05,  1.2200e-06,  1.7420e-09,  ..., -2.5545e-02,
         -4.6709e-05, -4.8485e-06]]
model.13.bias:
[ 0.0660,  0.0649,  0.0567,  0.1381,  0.1594,  0.0788,  0.0656,  0.0795,
         0.0775, -0.0033, -0.0332,  0.1496,  0.0277,  0.1258,  0.0583,  0.0958,
         0.1137,  0.1091,  0.1571,  0.0636,  0.1104,  0.0584,  0.1810,  0.0250,
         0.0462,  0.0511,  0.1453,  0.1879,  0.1537,  0.0605,  0.0277,  0.0968,
        -0.0081,  0.0664,  0.0167,  0.1726,  0.0890,  0.0588,  0.2017, -0.0325,
         0.0723,  0.1391,  0.0979,  0.0705,  0.1743,  0.0141,  0.1803,  0.0984,
         0.1169,  0.0460,  0.1212,  0.0077,  0.0586,  0.0961,  0.1123,  0.1570,
        -0.0280,  0.0935,  0.0403,  0.0918,  0.0387,  0.0403,  0.0865,  0.1500]

model.16.weight:
[[-9.0505e-02, -9.3994e-02,  2.1137e-01, -2.4052e-02, -1.5365e-01,
         -8.3565e-02, -9.1792e-02, -7.1794e-02,  1.3750e-01,  1.4383e-01,
         -1.1393e-01, -5.2141e-02, -6.5806e-02,  2.0252e-01, -4.0924e-02,
         -1.7565e-01, -8.2694e-02, -4.6457e-02,  3.0186e-01, -5.6612e-02,
         -7.4571e-02,  1.3445e-01,  1.8433e-01,  1.3747e-01,  2.6412e-01,
         -6.5027e-02,  1.6788e-01, -8.4391e-02, -1.0585e-01,  2.5057e-01,
          2.5737e-02,  1.3690e-01, -1.4191e-01, -1.5539e-01, -1.0241e-01,
         -9.8625e-02,  1.2432e-01,  1.7319e-01,  2.2252e-01, -5.3831e-02,
         -2.8334e-02, -1.2127e-01, -1.1697e-01, -1.5746e-01, -1.9873e-02,
         -9.4513e-02, -1.4961e-01, -7.3807e-02,  2.1895e-01,  7.1758e-03,
          1.1375e-01, -4.4463e-02, -8.6789e-02, -9.0151e-02, -7.8150e-02,
          2.3046e-01, -1.4220e-01,  1.5345e-02, -1.2468e-01, -7.1626e-02,
         -1.1229e-01, -5.8412e-02, -1.2928e-01,  1.0098e-02],
        [-4.5512e-02,  1.9013e-01,  1.8838e-01, -1.6297e-01, -1.5003e-01,
         -9.2524e-02, -7.1649e-02, -1.5672e-01,  1.9113e-01, -6.5257e-02,
         -4.6814e-02, -1.2162e-01,  9.5152e-02, -1.4393e-01, -1.0144e-01,
         -6.2282e-02, -1.2938e-01, -5.9871e-02, -5.1679e-02,  1.9062e-01,
         -8.0814e-02,  2.3980e-01, -1.9333e-01,  1.8788e-01,  9.7147e-02,
          1.4581e-01, -1.4943e-01, -1.0040e-01,  1.0854e-01, -1.0891e-01,
         -1.7647e-01, -9.3460e-02,  1.7702e-01, -3.0728e-02,  5.2478e-02,
         -1.0891e-01, -8.4400e-02, -1.0975e-01, -1.2305e-01,  5.5048e-02,
          2.4807e-01, -1.3537e-01,  1.6668e-01, -1.0517e-01, -9.9734e-02,
          2.0519e-01,  1.7218e-01,  2.3427e-01, -1.2963e-01, -1.4660e-01,
          6.7126e-02, -1.3280e-01,  9.9239e-02, -1.0667e-01,  2.5112e-01,
         -1.4287e-01, -8.7121e-02, -1.2233e-01,  1.9716e-01, -3.0505e-02,
         -1.5661e-01, -1.3725e-01,  1.4143e-01, -5.0063e-02],
        [-9.0449e-02, -4.4126e-02, -1.2286e-01, -8.5973e-02,  2.8754e-01,
         -9.5427e-02,  3.7989e-03,  1.8166e-02, -1.6016e-01, -4.3097e-02,
          1.0856e-01, -7.2986e-02,  2.2317e-01, -9.2728e-02, -2.0440e-02,
          1.6263e-01,  1.6907e-01,  1.8975e-01,  2.3695e-01, -1.9045e-02,
          5.3978e-02, -1.1164e-01, -1.4467e-01, -8.2364e-02, -3.4937e-02,
         -6.7767e-03, -8.2408e-02,  2.7704e-01,  2.2152e-01, -7.8473e-02,
         -2.2380e-02, -8.0645e-02, -2.7231e-02, -9.1808e-02, -1.4471e-01,
          2.7561e-02,  1.0377e-01, -6.4779e-02,  1.3802e-01, -3.6253e-02,
         -9.3350e-02, -9.1580e-02, -9.5525e-02, -8.3229e-03,  5.4161e-02,
         -3.0915e-02,  3.0632e-01, -8.4389e-02, -6.1043e-02, -1.0822e-01,
          1.8029e-01, -9.4979e-02,  1.8215e-01,  2.1387e-02, -1.8685e-01,
          7.3625e-02, -2.8808e-03, -6.3866e-02, -9.8997e-02,  2.4215e-01,
         -1.4745e-01, -1.5039e-01, -7.1454e-02,  2.7733e-01],
        [-2.2205e-02, -9.6163e-02, -3.8369e-02, -1.1334e-02,  1.6407e-01,
         -1.0932e-01,  2.2582e-01, -1.0155e-01, -1.0063e-01, -6.0773e-02,
         -9.6898e-02,  2.6312e-01,  1.7504e-02, -8.5551e-02,  2.7776e-03,
          1.6813e-01,  3.2667e-02, -3.7381e-02, -1.5398e-01,  1.8839e-01,
          1.3606e-01, -8.8636e-02,  4.5978e-03, -4.4959e-02, -7.5993e-02,
          8.5432e-02, -3.8208e-03,  1.7863e-01,  6.1407e-02, -1.0652e-01,
         -1.5084e-01, -1.0786e-01, -1.2737e-01, -1.3401e-01, -1.3846e-01,
          1.8130e-01, -6.9901e-02,  2.1373e-01,  1.2234e-01, -6.7377e-02,
         -4.0851e-02,  1.4312e-01, -4.5533e-02,  1.6084e-01,  2.1623e-01,
         -1.1758e-01, -1.0565e-01, -6.1426e-02,  1.3518e-01, -1.2360e-01,
          4.3666e-02,  2.6872e-02, -9.8081e-02,  2.5627e-01, -5.3848e-02,
         -1.2080e-01, -1.3663e-01,  2.2572e-01,  1.4309e-01,  8.4786e-02,
         -1.4831e-01, -7.8834e-02,  2.1630e-01, -3.3715e-02],
        [ 2.1295e-01,  7.3103e-02,  1.3605e-01, -1.1589e-01, -1.2977e-01,
          2.6381e-01, -1.5202e-01, -1.2555e-01, -1.5462e-01,  2.6336e-01,
          2.0002e-01, -2.2732e-02,  1.9797e-01,  2.9709e-02, -6.8571e-02,
         -1.3663e-01, -1.3310e-01, -1.5552e-01, -1.5289e-01, -6.2024e-02,
         -6.8969e-02,  1.4548e-01, -1.3540e-01, -5.5185e-02,  8.5359e-03,
         -1.4193e-01, -9.1194e-02, -1.3121e-01, -1.7936e-01, -4.2313e-02,
         -6.7932e-02, -8.8489e-02,  1.4710e-01,  2.3876e-01,  3.1085e-01,
         -2.2305e-01, -1.0712e-01, -1.5153e-02, -1.9070e-01,  1.4952e-01,
          1.3889e-02, -7.4529e-02, -7.5294e-02, -4.9196e-02, -1.1909e-01,
          1.7870e-02, -9.4214e-03, -1.3012e-01,  3.6305e-02,  1.5972e-01,
         -1.1631e-01, -1.1056e-01,  2.6840e-01, -4.1049e-02, -1.7796e-01,
         -1.1921e-01,  2.1243e-01, -1.1705e-01, -8.7817e-02, -1.2148e-01,
          2.0074e-01,  2.0048e-01,  1.9781e-01, -1.1179e-01],
        [-1.0905e-01, -8.2479e-02, -9.1013e-02,  1.0699e-01, -7.9081e-02,
         -1.3092e-01,  2.3866e-01,  3.3548e-02, -1.0604e-01, -7.7873e-02,
         -9.5169e-02, -6.6390e-02, -1.4736e-01, -9.1971e-02,  1.8104e-01,
         -8.7532e-02,  2.1005e-01, -6.1903e-02, -1.0718e-01, -7.3014e-02,
         -9.9923e-02, -1.8057e-01, -1.2530e-01, -8.0503e-02, -8.3419e-02,
         -2.8108e-02,  2.3098e-01, -1.3280e-01, -1.9450e-01, -8.7367e-03,
         -4.2815e-02, -5.8784e-02,  5.4654e-03, -1.0220e-01,  9.2276e-03,
          2.1019e-01, -3.4444e-02,  1.0601e-01, -1.3462e-01, -5.4593e-02,
         -5.8123e-02,  2.0030e-01, -7.5638e-03,  1.9640e-01, -5.7376e-02,
          1.8920e-01, -9.3571e-02,  6.8821e-02,  1.7579e-01, -3.3365e-02,
         -1.1266e-01,  2.8496e-01, -1.1700e-01, -7.9994e-02,  1.6179e-01,
          2.0038e-01, -7.0711e-02,  2.3294e-01, -3.5729e-02, -2.7880e-02,
          1.6770e-01,  1.3973e-01, -6.4128e-02, -9.2645e-02],
        [-1.5736e-01,  4.5219e-02,  1.2159e-02, -1.3137e-01, -5.8680e-02,
         -1.6346e-01, -9.4521e-02, -1.2278e-01,  1.9315e-01, -5.3205e-02,
          1.9180e-01, -1.5656e-01, -8.2426e-02, -1.2168e-01, -8.3061e-02,
         -1.3947e-01, -5.6337e-02, -7.2346e-02,  3.6896e-02, -3.1265e-02,
          1.5030e-01, -7.5924e-02, -1.4247e-01,  5.1526e-02, -3.3197e-02,
          2.1709e-01, -5.2234e-02, -9.2203e-02,  6.6915e-02,  2.3795e-01,
          2.3557e-01, -1.4338e-01,  2.5486e-01, -9.3625e-02, -2.0489e-01,
         -8.7453e-02,  1.3857e-01, -1.4388e-01, -1.7433e-03,  2.3855e-01,
         -4.9020e-02,  1.5900e-01, -1.0259e-01, -1.2228e-01, -1.2021e-01,
          1.1544e-01, -1.3080e-01, -9.5572e-02, -1.0210e-01,  1.7362e-01,
         -1.1018e-01,  1.7191e-01, -1.1819e-01, -1.6658e-01, -6.5447e-02,
          1.7559e-01,  1.4465e-01, -9.4748e-02, -4.2104e-03, -1.0342e-02,
         -8.8499e-02,  2.3107e-01, -1.2424e-01, -5.9432e-02],
        [-1.1056e-01,  2.1901e-01, -1.0978e-01,  1.8963e-01,  1.5862e-01,
          1.3393e-01, -1.2688e-01,  2.2512e-01, -1.5458e-01,  5.3475e-02,
         -1.2133e-01, -1.0704e-01, -2.9310e-02, -5.4356e-03,  1.6517e-01,
          1.1092e-01, -9.4244e-02,  1.8385e-01, -1.1426e-01, -8.7168e-02,
          1.6195e-01, -1.4799e-01,  1.1587e-01, -5.1754e-02, -6.4346e-02,
         -8.6263e-02, -8.1322e-02,  4.5375e-02, -5.4448e-02, -1.2606e-01,
         -4.7390e-02,  1.7610e-01, -1.0513e-01, -1.2009e-01,  1.0064e-01,
         -2.1134e-01, -9.6895e-02, -1.0715e-01, -5.3591e-02, -1.0208e-01,
         -7.4604e-02, -1.9119e-01,  2.2585e-01, -7.8509e-02,  1.7718e-01,
         -9.1831e-02,  1.1117e-01,  2.5936e-01, -1.2026e-01,  1.8031e-01,
          1.6175e-01, -6.8850e-02, -6.7770e-02, -8.0482e-02,  6.7575e-02,
         -1.7153e-01, -5.8673e-02, -2.4707e-02,  1.4478e-01,  1.7102e-01,
          6.1270e-02, -1.6244e-01, -7.4896e-02,  8.2113e-02],
        [ 1.9048e-01,  1.5594e-03, -1.8549e-01,  2.1134e-01, -4.4849e-02,
         -1.8935e-03, -3.0923e-02,  5.9378e-04,  1.7190e-01, -7.5434e-02,
         -1.7542e-02,  1.8739e-01, -9.1570e-02,  8.3807e-02, -5.7823e-02,
         -1.1090e-01,  1.9478e-01,  1.7325e-01,  1.6408e-02, -9.6056e-02,
         -6.5054e-02,  1.0131e-01,  1.4486e-01,  1.0466e-01, -6.8384e-03,
          2.3143e-02,  6.7796e-02,  1.1295e-01,  1.9366e-01,  6.6346e-02,
          2.6146e-01,  2.9345e-02, -9.2018e-02,  1.4260e-01, -2.3861e-02,
          8.3613e-02,  2.0618e-01,  1.2200e-02,  1.1667e-01, -1.0567e-01,
          1.8207e-01,  1.9677e-01, -1.0463e-01, -5.4976e-02, -1.3933e-01,
         -8.7165e-02, -6.4205e-02, -3.2038e-02, -6.0361e-02, -1.4862e-01,
          1.0465e-02,  2.3509e-02, -4.3962e-02,  2.4006e-01,  1.1027e-01,
          7.4272e-02, -7.5375e-02, -5.5364e-02, -1.4510e-01, -6.2115e-02,
         -9.8580e-03, -3.2594e-02, -2.0341e-01,  1.4303e-01],
        [ 2.5424e-01, -8.9764e-02,  3.5556e-02,  1.3414e-02, -6.8417e-02,
          2.2951e-01,  7.3449e-03,  2.3478e-01, -1.0587e-01, -1.9950e-02,
         -4.3362e-02,  1.6705e-01, -8.4558e-02,  2.0948e-01,  1.6105e-01,
          2.1539e-01, -3.6009e-02, -9.2151e-02, -1.2492e-01,  5.7141e-02,
         -1.0561e-01, -7.2676e-02,  2.1739e-01, -7.3435e-02,  2.2812e-02,
         -1.0749e-01,  1.7518e-02, -1.1454e-01, -1.7210e-01, -9.8933e-02,
         -1.3223e-01,  2.1290e-01, -1.1661e-01,  2.3327e-01,  1.9930e-01,
          1.1743e-01, -7.8101e-02, -2.5244e-02, -1.2333e-01,  1.0161e-02,
         -3.4022e-02, -1.4602e-01,  1.3165e-01,  1.3841e-01,  1.5378e-01,
         -9.1176e-02, -1.7746e-01, -8.3439e-02, -5.2016e-02,  1.9417e-01,
         -1.8809e-01, -6.5624e-02, -3.6914e-02,  6.8020e-02, -6.4965e-02,
         -1.3483e-01,  1.8538e-01,  3.4067e-02, -2.5723e-02, -1.5322e-01,
          1.9092e-01, -1.6063e-04,  4.2163e-02, -1.0002e-01]]
model.16.bias:
[ 0.0385, -0.1128,  0.1915, -0.0179, -0.0837,  0.0655, -0.2116,  0.0313,
         0.1257, -0.0445]
